0 0.6262019230769231 0.19951923076923078 0.13701923076923078 0.15865384615384615
0 0.12259615384615384 0.19951923076923078 0.15865384615384615 0.16826923076923078
0 0.37740384615384615 0.20432692307692307 0.1778846153846154 0.15384615384615385
0 0.8737980769230769 0.47475961538461536 0.14182692307692307 0.1658653846153846
0 0.625 0.47716346153846156 0.1346153846153846 0.15625
0 0.11899038461538461 0.47836538461538464 0.1466346153846154 0.16826923076923078
0 0.3713942307692308 0.47836538461538464 0.125 0.15625
0 0.3737980769230769 0.7584134615384616 0.14182692307692307 0.16346153846153846
0 0.6274038461538461 0.7584134615384616 0.13221153846153846 0.16346153846153846
0 0.12259615384615384 0.7584134615384616 0.13701923076923078 0.1658653846153846
0 0.8701923076923077 0.7596153846153846 0.15865384615384615 0.15384615384615385