0 0.19951923076923078 0.3737980769230769 0.15865384615384615 0.13701923076923078
0 0.19951923076923078 0.8774038461538461 0.16826923076923078 0.15865384615384615
0 0.20432692307692307 0.6225961538461539 0.15384615384615385 0.1778846153846154
0 0.47475961538461536 0.12620192307692307 0.1658653846153846 0.14182692307692307
0 0.47716346153846156 0.375 0.15625 0.1346153846153846
0 0.47836538461538464 0.8810096153846154 0.16826923076923078 0.1466346153846154
0 0.47836538461538464 0.6286057692307693 0.15625 0.125
0 0.7584134615384616 0.6262019230769231 0.16346153846153846 0.14182692307692307
0 0.7584134615384616 0.37259615384615385 0.16346153846153846 0.13221153846153846
0 0.7584134615384616 0.8774038461538461 0.1658653846153846 0.13701923076923078
0 0.7596153846153846 0.12980769230769232 0.15384615384615385 0.15865384615384615