0 0.3737980769230769 0.8004807692307693 0.13701923076923078 0.15865384615384615
0 0.8774038461538461 0.8004807692307693 0.15865384615384615 0.16826923076923078
0 0.6225961538461539 0.7956730769230769 0.1778846153846154 0.15384615384615385
0 0.12620192307692307 0.5252403846153846 0.14182692307692307 0.1658653846153846
0 0.375 0.5228365384615384 0.1346153846153846 0.15625
0 0.8810096153846154 0.5216346153846154 0.1466346153846154 0.16826923076923078
0 0.6286057692307693 0.5216346153846154 0.125 0.15625
0 0.6262019230769231 0.24158653846153846 0.14182692307692307 0.16346153846153846
0 0.37259615384615385 0.24158653846153846 0.13221153846153846 0.16346153846153846
0 0.8774038461538461 0.24158653846153846 0.13701923076923078 0.1658653846153846
0 0.12980769230769232 0.2403846153846154 0.15865384615384615 0.15384615384615385